0 4.1356721642e-04 2.4389149571e-04 -3.7602106829e-04 -4.1031675660e-06 -1.5693147569e-05 -4.2080538233e-06 
3 4.0842260479e-05 -8.2390644849e-06 -9.8236625333e-06 -3.7590813681e-07 -1.8790500956e-06 -5.2019324912e-07 
6 1.7822695918e-05 9.2414749964e-06 -4.4841160816e-05 -8.2083690769e-08 -3.0778653862e-07 -1.1579831028e-07 
9 2.6930456327e-05 1.2767976135e-05 -6.2294911149e-06 -2.4736929164e-07 1.2285121125e-07 3.5390071002e-08 
12 3.7143889324e-05 1.3194202887e-05 9.5163287004e-06 3.8882515974e-07 -1.8405045656e-06 -3.2851502245e-07 
15 -2.7112155941e-06 -2.3616140555e-05 -9.1780348215e-05 -8.6227916199e-07 9.8054618442e-07 -2.9603373839e-07 
18 4.4865920020e-05 -3.8970772896e-06 -7.6359291422e-05 -9.1130319843e-07 1.2751660163e-07 5.1164071736e-07 
21 6.2941455936e-05 -2.2360323819e-05 -2.8294808682e-05 -1.3528147245e-06 -7.8171913723e-07 -2.0818989222e-07 
24 1.2288917178e-05 4.7338219859e-05 2.1247130016e-05 1.5912819188e-06 -6.8565924254e-07 5.8778160031e-08 
27 2.2241351495e-05 -2.0242178050e-05 8.3224154436e-05 -9.0073516057e-07 -1.0947686500e-06 -5.3654606332e-07 
30 -4.8111397727e-06 -3.4266245097e-05 7.0346062307e-05 -9.1911609703e-07 -1.0500603253e-06 -1.6317439696e-06 
33 -1.9598921085e-05 1.1329195005e-06 -5.8905178150e-06 -4.1634946246e-07 -1.2813921737e-06 -9.6669152360e-07 
36 1.7274597903e-05 -1.3983014300e-05 7.9076645502e-06 -3.9516083041e-07 -9.5141493742e-07 -6.5526152830e-07 
39 3.5149284016e-05 -3.9564402593e-05 2.7073570870e-05 -1.3694099997e-06 -7.7466447182e-07 -9.3263533787e-07 
42 2.2673026291e-05 -6.5979600425e-06 2.6780316500e-05 -5.3874427807e-07 -5.1603439326e-07 -2.6627460724e-07 
45 -2.5247103478e-05 1.6029506363e-05 7.5283906001e-05 4.1730061094e-07 8.3084381201e-07 -4.2218138323e-07 
48 3.8570458298e-05 1.2128848582e-05 1.5022909969e-05 1.2574352063e-07 -2.7572600930e-07 2.9693518327e-07 
51 6.3645668980e-05 -2.5131814436e-05 4.4186570690e-05 -8.9275828510e-07 -3.2647168058e-07 -3.7225071710e-07 
54 1.9514140746e-05 -3.0539057794e-06 5.4000269455e-05 9.1631216767e-08 -3.9444894267e-07 -4.7608504842e-07 
57 -3.5476020748e-05 -1.0176797435e-05 1.4027412167e-05 -2.4415428185e-07 -1.5192410250e-06 -1.1303633848e-06 
60 3.7027440815e-05 9.3431396360e-06 5.9714065735e-05 -6.2665409461e-08 -9.3750036684e-07 -2.3062856470e-07 
63 9.9247696386e-06 -2.2153278453e-05 4.1386707789e-05 -1.3158286903e-06 -4.2382998242e-07 -1.8493169774e-07 
66 4.1982710054e-05 -8.4288430222e-06 3.0164842392e-06 -1.0718151398e-06 -8.1070959978e-07 4.2019861646e-08 
69 1.4332380370e-05 -5.2489698477e-06 -3.4620165106e-05 -5.0618522664e-07 -1.4263495968e-07 -1.0538359832e-07 
72 9.7327004014e-05 3.5741453961e-05 -4.8778662994e-05 8.9105903838e-07 -8.0057908221e-07 5.2232930000e-07 
75 6.1485655260e-05 4.1455447489e-05 -7.9195596504e-05 8.9061276449e-07 2.1894315897e-07 1.2350363376e-06 
78 9.1515311331e-06 2.4654784038e-05 1.9015953526e-06 3.6275110901e-07 2.9869280751e-08 -6.3118943615e-08 
81 -3.2487683419e-05 3.0544516120e-05 2.3266002192e-05 1.0990677689e-06 9.4466589641e-07 -6.5690689128e-07 
84 -1.6098196072e-05 3.0142187072e-05 -7.1197110989e-05 8.1564812832e-07 -8.4802309863e-07 -8.2452996221e-07 
87 -3.7875352664e-06 -1.2726658378e-05 -2.0212155725e-05 -6.3845305352e-07 -1.2725338663e-06 -1.2165855977e-06 
90 -1.6037991543e-05 -4.5739245326e-06 -2.1760247073e-05 -3.3071051695e-07 -1.5440731729e-06 -1.1376737420e-06 
93 9.8503367834e-06 9.4522768264e-06 2.2618772862e-06 -2.0700460924e-07 2.8881197804e-07 -2.2600975739e-07 
96 2.5372409529e-05 -2.6493524987e-06 1.8103477676e-05 -1.6476991204e-07 -4.5504498321e-07 1.1600546383e-07 
99 1.5408016921e-05 3.9020450765e-05 -5.3364364484e-05 2.8147338446e-07 1.0533416990e-06 9.7325948359e-07 
102 1.0127032373e-05 1.1914289002e-05 -6.8531861105e-06 5.0533531160e-07 -1.3697702207e-07 -2.9810866613e-07 
105 2.4777789895e-05 6.8413717386e-06 -2.6964158375e-05 -1.0057103590e-06 1.4304523545e-06 7.7977461618e-07 
108 -3.5910698738e-05 2.9701802012e-05 -4.5742779097e-05 1.0486976342e-06 -5.1558549900e-07 -3.2238433715e-07 
111 7.4760138288e-05 -2.7511879971e-06 -1.5407588702e-05 -5.8091856934e-07 -1.2318096842e-06 -3.8649003925e-07 
114 1.8178997212e-05 3.7706423223e-05 -1.7388569086e-05 1.4439259302e-06 8.2691810400e-07 1.0037152778e-06 
117 -6.6076727742e-05 1.0277328970e-05 -1.5830966807e-05 6.7982575686e-07 3.9470163687e-08 -8.3189341408e-07 
120 -1.0375584515e-06 -8.2562942035e-06 -5.6446778836e-05 -2.4482902675e-07 -5.9300048160e-07 -5.2241714312e-07 
123 5.4355540853e-05 1.2117144011e-05 -2.6451819947e-05 1.5415688548e-07 -9.3908617001e-07 3.7453624123e-07 
126 4.4016037828e-05 6.5819477767e-05 -1.3474191307e-04 8.6898965508e-07 3.6770158549e-06 3.1607820402e-06 
129 4.7972828667e-05 -1.2147337385e-05 -1.4453539119e-06 -6.4954941427e-08 -1.8421355587e-06 -5.2773335454e-07 
132 3.6998821117e-05 8.9385466803e-06 -9.2516102590e-05 -5.7778003601e-07 7.3152973997e-07 2.4682069390e-07 
135 6.1158947257e-05 -4.9385886210e-07 3.7690745349e-05 -1.4081480495e-07 -4.7941543406e-07 3.2374476889e-07 
138 7.6192915994e-05 -4.5207993359e-05 6.2747266931e-05 -1.0717913326e-06 -1.8716195876e-06 2.1223464378e-08 
141 -2.8412939535e-05 1.0297083604e-05 -1.6657930667e-06 -6.0340366159e-08 3.9189561318e-08 -4.4897484399e-07 
144 1.0956159234e-05 3.7940567848e-06 3.4438044362e-05 -1.4846800159e-06 5.9253022149e-07 -3.6821302067e-08 
147 -1.7405996451e-05 6.8338235289e-06 2.8579600017e-05 -2.6913350599e-07 6.1983878131e-07 -4.6424938834e-07 
150 -1.3162525668e-05 2.1007071671e-05 3.0384235760e-05 -2.8920229353e-07 -5.8911675357e-07 -3.5014407049e-07 
153 -2.0924115435e-05 1.3801419260e-05 1.2400769638e-05 3.4844885618e-08 1.0809524468e-06 -4.7969261884e-07 
156 -1.2960239741e-05 1.6571446464e-05 7.5972021648e-06 6.2703773937e-07 1.6406549339e-06 -1.0961504440e-07 
159 -3.0388788366e-05 2.7535305461e-05 -9.6729779527e-05 3.8550872527e-07 -8.8865171739e-09 -1.3473900094e-07 
162 7.0203422230e-05 2.0408956207e-05 1.5834408897e-05 1.5644602453e-07 -1.5233764917e-06 5.7794718232e-08 
165 2.1281531020e-05 1.3147321991e-05 -1.1027240756e-04 2.1095351095e-10 -9.4440482967e-07 -2.6894165986e-07 
168 4.9502000265e-05 -2.3802074938e-05 -3.9461159224e-06 -9.1478071505e-07 -3.8561535163e-07 2.0524425328e-07 
171 4.7049486730e-05 -5.3185527351e-05 9.6468042707e-05 -4.8802824620e-07 -1.2061328317e-07 -3.2596448271e-09 
174 3.7111712914e-05 -1.4216650240e-05 -2.9574587564e-05 -1.6398671482e-07 -1.2880739864e-06 -1.0094425795e-06 
177 -1.5480179319e-05 5.6568260328e-05 -1.9449694999e-05 1.7637569961e-06 -3.5828323167e-08 9.2231795288e-09 
180 6.2434102952e-05 2.7267822932e-05 -2.4820529524e-05 5.0373342466e-07 -3.0824796732e-07 -1.1063524143e-07 
183 1.4696518695e-06 2.1990447112e-05 5.4380601038e-06 2.7935999724e-07 5.8989164505e-08 -7.2898517703e-08 
186 -6.1362149355e-05 2.0965325662e-05 -7.4712910570e-05 -9.2622996551e-07 4.0728070018e-06 8.6155331691e-07 
189 -1.0619850977e-05 3.5011969105e-05 8.6733522480e-05 3.9129213383e-07 6.2973280196e-07 1.9164765308e-07 
192 -4.9084191806e-06 -4.1566494994e-06 -5.2435887415e-06 -3.6190214735e-08 -2.0355919320e-06 -9.8378503802e-07 
195 1.3523875853e-05 -1.2061020234e-05 -2.7707649521e-05 -4.5055285657e-07 -2.0132094951e-07 -9.9519204621e-07 
198 4.1706997267e-05 3.2738937765e-06 7.5145743319e-05 -1.0545248484e-07 -1.7848315864e-06 5.3929230418e-08 
